欄位名稱說明:

欲轉出欄位名稱或是任何字元,左右請以驚嘆號 ! 包覆,
例如: !Name!
而欄位與欄位間須以 + 號連接,如 !Name!+!SSN!

員工編號=Num
若是4碼員工編號=4Num   5碼員工編號=5Num

考勤狀態編號=TA

西元日期(全)=EWDate   西元日期=EDate
西元年(全)=EWY   西元年=EY

民國日期=CDate   民國年=CY

月=Mo        日=Da
時間=Time    小時=Ti    分鐘=Mi    秒=Si

所屬部門=Dep   員工身分證=SSN   員工姓名=Name
   
考勤機器號=MN
3位機器號=3MN 

yyyy/MM/dd=EWDate/
yyyy/M/d=EDate/

12小時制=STime 
依時間判斷AM or PM=APM
-----------------------
!7Num!+!Mo!+!Da!+!EWY!+!Ti!+!Mi!
-----------------------

7710411 05 26 2020 08 54
7710411 05 26 2020 08 54
7710411 05 27 2020 08 59
7710411 05 27 2020 08 59
7710411 05 28 2020 09 54
7710411 05 28 2020 09 54
7710411 05 28 2020 14 26
7710411 05 28 2020 14 26
7710411 05 29 2020 11 40
7710411 05 29 2020 11 40
7710411 05 29 2020 20 31
7710411 05 29 2020 20 31

8710805 05 26 2020 13 07
8710805 05 26 2020 13 07
8710805 05 26 2020 13 09
8710805 05 26 2020 21 41
8710805 05 26 2020 21 41
8710805 05 29 2020 11 45
8710805 05 29 2020 11 45
8710805 05 29 2020 16 17
8710805 05 29 2020 16 17
8710805 05 29 2020 17 38
8710805 05 29 2020 17 38
8710805 05 29 2020 22 09
8710805 05 29 2020 22 09

8710247 05 27 2020 11 52
8710247 05 27 2020 11 52
8710247 05 27 2020 16 07
8710247 05 27 2020 16 07
8710247 05 27 2020 16 07
8710247 05 27 2020 16 07
8710247 05 27 2020 16 07
8710247 05 27 2020 16 07
8710247 05 27 2020 17 49
8710247 05 27 2020 17 49
8710247 05 27 2020 17 49
8710247 05 27 2020 22 02
8710247 05 27 2020 22 02
8710247 05 28 2020 11 53
8710247 05 28 2020 11 53
8710247 05 28 2020 11 53
8710247 05 28 2020 11 53
8710247 05 28 2020 16 05
8710247 05 28 2020 16 05
8710247 05 28 2020 16 05
8710247 05 28 2020 16 05
8710247 05 28 2020 16 05
8710247 05 28 2020 17 51
8710247 05 28 2020 17 51
8710247 05 28 2020 22 03
8710247 05 28 2020 22 03
8710247 05 28 2020 22 03
8710247 05 28 2020 22 03
8710247 05 28 2020 22 03
8710247 05 28 2020 22 03
8710247 05 28 2020 22 03

8710806 05 27 2020 12 19
8710806 05 27 2020 12 19
8710806 05 27 2020 12 23
8710806 05 27 2020 12 23
8710806 05 27 2020 21 02
8710806 05 27 2020 21 02
8710806 05 28 2020 09 52
8710806 05 28 2020 09 52
8710806 05 28 2020 14 03
8710806 05 28 2020 14 03
8710806 05 28 2020 14 04
8710806 05 28 2020 15 49
8710806 05 28 2020 15 49
8710806 05 28 2020 20 07
8710806 05 28 2020 20 07
8710806 05 28 2020 20 07
8710806 05 28 2020 20 07

9010574 05 26 2020 10 00
9010574 05 26 2020 10 00
9010574 05 26 2020 14 29
9010574 05 26 2020 14 29
9010574 05 27 2020 09 57
9010574 05 27 2020 09 57
9010574 05 27 2020 14 30
9010574 05 27 2020 14 30
9010574 05 28 2020 09 56
9010574 05 28 2020 09 56
9010574 05 28 2020 14 03
9010574 05 28 2020 14 03
9010574 05 29 2020 09 58
9010574 05 29 2020 09 59
9010574 05 29 2020 14 34
9010574 05 29 2020 14 34

8710609 05 26 2020 06 49
8710609 05 26 2020 06 49
8710609 05 26 2020 15 36
8710609 05 26 2020 15 36
8710609 05 27 2020 06 52
8710609 05 27 2020 06 52
8710609 05 27 2020 15 37
8710609 05 27 2020 15 37
8710609 05 30 2020 06 52
8710609 05 30 2020 06 52

8710902 05 26 2020 06 54
8710902 05 26 2020 06 54
8710902 05 26 2020 15 32
8710902 05 26 2020 15 33
8710902 05 27 2020 14 26
8710902 05 27 2020 14 26
8710902 05 27 2020 23 16
8710902 05 27 2020 23 16
8710902 05 27 2020 23 16
8710902 05 27 2020 23 16
8710902 05 27 2020 23 16
8710902 05 28 2020 14 26
8710902 05 28 2020 14 26
8710902 05 28 2020 23 12
8710902 05 28 2020 23 12
8710902 05 28 2020 23 12

8710803 05 27 2020 06 57
8710803 05 27 2020 06 57
8710803 05 27 2020 06 57
8710803 05 27 2020 14 31
8710803 05 27 2020 14 31
8710803 05 27 2020 14 31
8710803 05 27 2020 14 31
8710803 05 28 2020 06 57
8710803 05 28 2020 06 57
8710803 05 28 2020 06 57
8710803 05 28 2020 14 31
8710803 05 28 2020 14 31
8710803 05 28 2020 14 31
8710803 05 28 2020 14 31
8710803 05 28 2020 14 31
8710803 05 28 2020 14 35
8710803 05 28 2020 14 35
8710708 05 26 2020 14 27
8710708 05 26 2020 14 27
8710708 05 26 2020 14 27
8710708 05 26 2020 22 24
8710708 05 26 2020 22 24
8710708 05 26 2020 22 24
8710708 05 28 2020 14 21
8710708 05 28 2020 14 21
8710708 05 28 2020 22 02
8710708 05 28 2020 22 02
8710708 05 28 2020 22 02
8710708 05 28 2020 22 02
8710708 05 28 2020 22 03
8710708 05 29 2020 14 22
8710708 05 29 2020 14 22
8710708 05 29 2020 22 07
8710708 05 29 2020 22 07
8710708 05 29 2020 22 07
8710204 05 26 2020 06 47
8710204 05 26 2020 06 47
8710204 05 26 2020 06 47
8710204 05 26 2020 15 43
8710204 05 28 2020 06 56
8710204 05 28 2020 15 39
8710204 05 28 2020 15 39
8710204 05 29 2020 06 49
8710204 05 29 2020 06 49
8710204 05 29 2020 15 40
8710204 05 29 2020 15 40
8710204 05 30 2020 06 56
8710204 05 30 2020 06 56
8710204 05 30 2020 06 56
8710204 05 30 2020 06 56
8710204 05 30 2020 06 56
8710612 05 26 2020 06 46
8710612 05 26 2020 15 43
8710612 05 28 2020 06 56
8710612 05 28 2020 15 39
8710612 05 29 2020 06 49
8710612 05 29 2020 15 40
8710612 05 30 2020 06 56
8710612 05 30 2020 06 56
8710612 05 30 2020 06 56
8710825 05 26 2020 23 27
8710825 05 26 2020 23 27
8710825 05 26 2020 23 27
8710825 05 26 2020 23 27
8710825 05 29 2020 06 54
8710825 05 29 2020 06 54
8710825 05 29 2020 06 54
8710825 05 29 2020 15 49
8710825 05 29 2020 15 49
8710825 05 29 2020 15 52
8710825 05 29 2020 15 52
8710616 05 28 2020 06 55
8710616 05 28 2020 06 55
8710616 05 28 2020 15 37
8710616 05 28 2020 15 37
8710616 05 29 2020 06 54
8710616 05 29 2020 06 54
8710616 05 29 2020 06 54
8710616 05 29 2020 15 50
8710616 05 29 2020 15 50
8710616 05 29 2020 15 50
8710616 05 29 2020 15 52
8710616 05 29 2020 15 52
8710616 05 29 2020 15 52
8710616 05 29 2020 15 52
8710408 05 27 2020 07 48
8710408 05 27 2020 07 48
8710408 05 27 2020 07 48
8710408 05 27 2020 07 48
8710408 05 27 2020 07 48
8710408 05 27 2020 15 41
8710408 05 27 2020 15 41
8710408 05 27 2020 15 41
8710408 05 27 2020 15 41
8710408 05 27 2020 15 41
8710408 05 27 2020 15 41
8710408 05 28 2020 07 52
8710408 05 28 2020 07 53
8710408 05 28 2020 07 53
8710408 05 28 2020 16 35
8710408 05 28 2020 16 35
8710408 05 28 2020 16 35
8710408 05 28 2020 16 35
8710408 05 29 2020 09 39
8710408 05 29 2020 09 39
8710408 05 29 2020 09 39
8710408 05 29 2020 09 39
8710408 05 29 2020 09 42
8710408 05 29 2020 14 05
8710408 05 29 2020 14 05
8710408 05 29 2020 14 05
8710408 05 29 2020 14 05
8710408 05 29 2020 14 05
8710408 05 29 2020 14 05
8710408 05 29 2020 14 05
8710408 05 29 2020 16 52
8710408 05 29 2020 16 52
8710408 05 29 2020 16 53
8710408 05 29 2020 21 14
8710408 05 29 2020 21 14
8710408 05 29 2020 21 14
8710408 05 30 2020 07 51
8710408 05 30 2020 07 51
8710408 05 30 2020 07 51
8710408 05 30 2020 07 51
8710408 05 30 2020 07 51
8710408 05 30 2020 07 51
8710408 05 30 2020 07 51
8710408 05 30 2020 07 52

8710223 05 26 2020 07 53
8710223 05 26 2020 07 53
8710223 05 26 2020 17 00
8710223 05 26 2020 17 00
8710223 05 26 2020 17 00
8710223 05 28 2020 07 53
8710223 05 28 2020 07 53
8710223 05 28 2020 07 53
8710223 05 28 2020 16 36
8710223 05 28 2020 16 36
8710223 05 28 2020 16 36
8710223 05 29 2020 07 56
8710223 05 29 2020 07 56
8710223 05 29 2020 07 56
8710223 05 29 2020 16 46
8710223 05 29 2020 16 46

8710808 05 26 2020 08 09
8710808 05 26 2020 08 09
8710808 05 26 2020 08 09
8710808 05 26 2020 08 09
8710808 05 26 2020 17 19
8710808 05 26 2020 17 19
8710808 05 26 2020 17 19
8710808 05 26 2020 17 19
8710808 05 26 2020 17 19
8710808 05 27 2020 08 22
8710808 05 27 2020 08 22
8710808 05 27 2020 08 22
8710808 05 27 2020 08 22
8710808 05 27 2020 17 11
8710808 05 27 2020 17 11
8710808 05 27 2020 17 11
8710808 05 27 2020 17 11
8710808 05 27 2020 17 11
8710808 05 28 2020 08 21
8710808 05 28 2020 08 21
8710808 05 28 2020 08 21
8710808 05 28 2020 17 26
8710808 05 28 2020 17 26
8710808 05 28 2020 17 26
8710808 05 28 2020 17 26
8710808 05 29 2020 08 23
8710808 05 29 2020 08 24
8710808 05 29 2020 08 24
8710808 05 29 2020 08 24
8710808 05 29 2020 17 10
8710808 05 29 2020 17 10
8710808 05 29 2020 17 10
8710808 05 29 2020 17 10

8710211 05 26 2020 07 55
8710211 05 26 2020 21 45
8710211 05 27 2020 07 52
8710211 05 27 2020 07 52
8710211 05 27 2020 17 34
8710211 05 27 2020 17 34
8710211 05 27 2020 17 34
8710211 05 30 2020 07 52
8710211 05 30 2020 07 52
9011022 05 28 2020 10 50
9011022 05 28 2020 10 50
9011022 05 28 2020 18 39
9011022 05 28 2020 18 39
9011022 05 29 2020 10 48
9011022 05 29 2020 10 48
9011022 05 29 2020 18 35
9011022 05 29 2020 18 35
9011022 05 29 2020 18 35
9011022 05 29 2020 18 35
9011022 05 29 2020 18 35
9011022 05 29 2020 18 35
9011022 05 29 2020 18 35
8710417 05 26 2020 22 37
8710417 05 26 2020 22 37
8710417 05 26 2020 22 37
8710417 05 27 2020 07 57
8710417 05 27 2020 07 57
8710417 05 27 2020 07 57
8710417 05 27 2020 23 28
8710417 05 27 2020 23 28
8710417 05 27 2020 23 28
8710417 05 28 2020 07 32
8710417 05 28 2020 07 32
8710417 05 29 2020 22 43
8710417 05 29 2020 22 43
8710417 05 30 2020 07 36
8710417 05 30 2020 07 36
8710507 05 28 2020 00 26
8710507 05 28 2020 00 26
8710507 05 28 2020 00 26
8710507 05 28 2020 07 32
8710507 05 28 2020 07 32
8710507 05 28 2020 07 33
8710507 05 28 2020 22 58
8710507 05 28 2020 22 58
8710507 05 28 2020 22 58
8710507 05 28 2020 22 58
8710507 05 29 2020 07 50
8710507 05 29 2020 07 50
8710507 05 29 2020 07 50
8710507 05 29 2020 07 50
8710507 05 29 2020 07 51
8710507 05 29 2020 22 59
8710507 05 29 2020 22 59
8710507 05 30 2020 07 37
8710507 05 30 2020 07 37
8710205 05 27 2020 06 21
8710205 05 28 2020 06 21
8710205 05 30 2020 06 20
8710205 05 30 2020 06 20
8710205 05 30 2020 06 20
8710205 05 30 2020 06 20
8710614 05 27 2020 05 59
8710614 05 27 2020 05 59
8710614 05 27 2020 15 41
8710614 05 27 2020 15 41
8710614 05 28 2020 06 03
8710614 05 28 2020 06 03
8710614 05 28 2020 15 41
8710614 05 28 2020 15 41
8710614 05 29 2020 12 30
8710614 05 29 2020 12 30
8710614 05 29 2020 23 08
8710614 05 29 2020 23 08
8710232 05 26 2020 06 41
8710232 05 26 2020 06 41
8710232 05 26 2020 15 43
8710232 05 26 2020 15 43
8710232 05 27 2020 06 42
8710232 05 27 2020 06 42
8710232 05 27 2020 15 42
8710232 05 27 2020 15 42
8710232 05 29 2020 06 48
8710232 05 29 2020 06 48
8710232 05 29 2020 16 03
8710232 05 29 2020 16 03
8710232 05 30 2020 06 44
8710232 05 30 2020 06 44
8710224 05 26 2020 07 43
8710224 05 26 2020 07 43
8710224 05 26 2020 17 26
8710224 05 26 2020 17 26
8710224 05 27 2020 07 36
8710224 05 27 2020 07 36
8710224 05 27 2020 16 54
8710224 05 27 2020 16 54
8710224 05 29 2020 07 43
8710224 05 29 2020 07 43
8710224 05 29 2020 17 34
8710224 05 29 2020 17 34
8710224 05 30 2020 07 42
8710224 05 30 2020 07 42
8710422 05 26 2020 11 48
8710422 05 26 2020 11 48
8710422 05 26 2020 16 10
8710422 05 26 2020 16 10
8710422 05 26 2020 16 10
8710422 05 26 2020 17 44
8710422 05 26 2020 17 44
8710422 05 26 2020 17 44
8710422 05 26 2020 22 06
8710422 05 26 2020 22 06
8710422 05 26 2020 22 06
8710812 05 26 2020 08 56
8710812 05 26 2020 08 56
8710812 05 26 2020 08 56
8710812 05 26 2020 08 56
8710812 05 26 2020 08 57
8710812 05 28 2020 10 53
8710812 05 28 2020 10 53
8710812 05 28 2020 10 53
8710812 05 28 2020 10 53
8710812 05 29 2020 08 50
8710812 05 29 2020 08 51
8710812 05 29 2020 08 51
8710812 05 30 2020 08 56
8710812 05 30 2020 08 56
8710601 05 27 2020 12 30
8710601 05 27 2020 21 08
8710601 05 28 2020 20 30
8710601 05 29 2020 13 20
8710601 05 29 2020 22 10
8710713 05 26 2020 21 15
8710713 05 26 2020 21 15
8710713 05 28 2020 13 08
8710713 05 28 2020 13 08
8710713 05 28 2020 13 08
8710713 05 28 2020 21 05
8710713 05 28 2020 21 05
8710814 05 26 2020 06 59
8710814 05 26 2020 06 59
8710814 05 26 2020 14 44
8710814 05 26 2020 14 44
8710814 05 26 2020 14 47
8710814 05 27 2020 14 17
8710814 05 27 2020 14 17
8710814 05 27 2020 14 17
8710814 05 27 2020 22 02
8710814 05 27 2020 22 02
8710814 05 27 2020 22 03
8710814 05 27 2020 22 03
8710814 05 27 2020 22 03
8710814 05 30 2020 06 59
8710814 05 30 2020 06 59
8710506 05 29 2020 06 54
8710506 05 29 2020 06 55
8710506 05 29 2020 06 55
8710506 05 29 2020 06 55
8710506 05 29 2020 14 31
8710506 05 29 2020 14 31
8710506 05 29 2020 14 31
8710506 05 29 2020 14 31
8710506 05 29 2020 14 31
8710506 05 29 2020 14 31
8710506 05 29 2020 14 31
8710506 05 29 2020 14 31
8710249 05 26 2020 14 07
8710249 05 26 2020 14 08
8710249 05 26 2020 14 08
8710249 05 26 2020 23 30
8710249 05 26 2020 23 30
8710249 05 27 2020 14 05
8710249 05 27 2020 14 05
8710249 05 27 2020 14 05
8710249 05 27 2020 14 05
8710249 05 27 2020 14 05
8710249 05 27 2020 23 44
8710249 05 27 2020 23 44
8710249 05 27 2020 23 44
8710249 05 27 2020 23 44
8710249 05 27 2020 23 53
8710249 05 27 2020 23 53
8710249 05 27 2020 23 53
8710249 05 28 2020 14 10
8710249 05 28 2020 14 10
8710249 05 28 2020 14 10
8710249 05 28 2020 14 10
8710249 05 28 2020 23 13
8710249 05 28 2020 23 13
8710249 05 28 2020 23 13
8710249 05 28 2020 23 13
8710249 05 28 2020 23 13
8710249 05 28 2020 23 13
8710249 05 28 2020 23 21
8710249 05 28 2020 23 21
8710249 05 29 2020 14 00
8710249 05 29 2020 14 00
8710249 05 29 2020 14 00
8710249 05 29 2020 14 00
8710249 05 29 2020 14 10
8710249 05 29 2020 14 10
8710249 05 29 2020 14 10
8710249 05 29 2020 14 10
8710249 05 29 2020 14 10
8710249 05 29 2020 14 10
8710249 05 29 2020 14 10
8710249 05 29 2020 23 07
8710249 05 29 2020 23 07
8710249 05 29 2020 23 07
8710249 05 29 2020 23 07
8710227 05 28 2020 14 22
8710227 05 28 2020 14 22
8710412 05 26 2020 07 31
8710412 05 26 2020 07 31
8710412 05 26 2020 21 57
8710412 05 27 2020 05 01
8710412 05 28 2020 21 54
8710412 05 29 2020 07 30
8710412 05 29 2020 07 30
8710412 05 29 2020 21 54
8710412 05 29 2020 21 54
8710412 05 30 2020 07 31
8710412 05 30 2020 07 31
8710221 05 26 2020 22 46
8710221 05 26 2020 22 46
8710221 05 27 2020 22 44
8710221 05 27 2020 22 44
8710221 05 28 2020 07 33
8710221 05 28 2020 07 33
8710221 05 28 2020 22 42
8710221 05 28 2020 22 42
8710221 05 28 2020 22 42
8710221 05 29 2020 07 45
8710221 05 29 2020 07 45
8710816 05 26 2020 07 43
8710816 05 26 2020 07 43
8710816 05 26 2020 07 43
8710816 05 26 2020 07 43
8710816 05 26 2020 07 43
8710816 05 26 2020 07 43
8710816 05 26 2020 07 43
9011633 05 29 2020 17 53
9011633 05 29 2020 21 02
9010964 05 26 2020 09 50
9010964 05 26 2020 09 50
9010964 05 26 2020 14 07
9010964 05 26 2020 14 07
9010964 05 26 2020 14 07
9010964 05 26 2020 14 07
9010964 05 26 2020 15 47
9010964 05 26 2020 15 47
9010964 05 26 2020 15 47
9010964 05 26 2020 15 47
9010964 05 26 2020 20 45
9010964 05 26 2020 20 45
9010964 05 27 2020 09 51
9010964 05 27 2020 09 51
9010964 05 27 2020 09 52
9010964 05 27 2020 14 03
9010964 05 27 2020 14 03
9010964 05 27 2020 15 48
9010964 05 27 2020 15 48
9010964 05 27 2020 15 48
9010964 05 27 2020 20 31
9010964 05 27 2020 20 31
9010964 05 27 2020 20 31
9011618 05 29 2020 17 58
9011618 05 29 2020 17 58
9011618 05 29 2020 23 01
9011618 05 29 2020 23 01
8710903 05 26 2020 22 07
8710903 05 26 2020 22 07
8710903 05 27 2020 07 32
8710903 05 27 2020 07 32
8710903 05 27 2020 22 21
8710903 05 27 2020 22 21
8710903 05 28 2020 07 31
8710903 05 28 2020 07 31
8710903 05 29 2020 22 26
8710903 05 29 2020 22 26
8710903 05 30 2020 07 33
8710903 05 30 2020 07 33
9010423 05 30 2020 06 47
9010423 05 30 2020 06 47
9010423 05 30 2020 06 47
9010423 05 30 2020 06 47
9010423 05 30 2020 06 47
9011501 05 30 2020 06 54
9011501 05 30 2020 06 54
8710255 05 28 2020 12 18
8710255 05 28 2020 12 19
8710255 05 28 2020 12 19
8710255 05 28 2020 12 19
8710255 05 28 2020 12 19
8710255 05 28 2020 12 19
8710255 05 28 2020 12 19
8710255 05 28 2020 12 19
8710255 05 28 2020 12 20
8710255 05 28 2020 12 20
8710255 05 28 2020 21 00
8710255 05 28 2020 21 00
8710255 05 28 2020 21 00
8710255 05 28 2020 21 00
8710255 05 28 2020 21 00
